Linux 4.15.0-36-generic (iran-300E5M-300E5L) 	24/10/2018 	_x86_64_	(4 CPU)

09:35:21        CPU     %user     %nice   %system   %iowait    %steal     %idle
09:35:22        all      6,58      1,01      1,77      1,01      0,00     89,62
09:35:22          0      8,25      0,00      2,06      4,12      0,00     85,57
09:35:22          1      6,06      0,00      1,01      0,00      0,00     92,93
09:35:22          2      9,00      0,00      2,00      0,00      0,00     89,00
09:35:22          3      3,06      4,08      1,02      0,00      0,00     91,84

Average:        CPU     %user     %nice   %system   %iowait    %steal     %idle
Average:        all      6,58      1,01      1,77      1,01      0,00     89,62
Average:          0      8,25      0,00      2,06      4,12      0,00     85,57
Average:          1      6,06      0,00      1,01      0,00      0,00     92,93
Average:          2      9,00      0,00      2,00      0,00      0,00     89,00
Average:          3      3,06      4,08      1,02      0,00      0,00     91,84
